80 8
0.868 0.579
0.934 0.279
0.173 0.548
0.688 0.599
0.726 0.536
0.194 0.98
0.873 0.249
0.559 0.144
0.084 0.125
0.971 0.994
0.653 0.091
0.599 0.863
0.859 0.841
0.605 0.724
0.066 0.783
0.466 0.678
0.923 0.119
0.827 0.387
0.239 0.365
0.273 0.762
0.258 0.174
0.298 0.555
0.924 0.332
0.619 0.389
0.919 0.132
0.123 0.778
0.598 0.549
0.426 0.479
0.946 0.98
0.627 0.639
0.728 0.261
0.133 0.728
0.235 0.327
0.112 0.646
0.284 0.033
0.564 0.195
0.405 0.212
0.907 0.255
0.356 0.711
0.422 0.989
0.868 0.579
0.934 0.279
0.173 0.548
0.688 0.599
0.726 0.536
0.194 0.98
0.873 0.249
0.559 0.144
0.084 0.125
0.971 0.994
0.653 0.091
0.599 0.863
0.859 0.841
0.605 0.724
0.066 0.783
0.466 0.678
0.923 0.119
0.827 0.387
0.239 0.365
0.273 0.762
0.258 0.174
0.298 0.555
0.924 0.332
0.619 0.389
0.919 0.132
0.123 0.778
0.598 0.549
0.426 0.479
0.946 0.98
0.627 0.639
0.728 0.261
0.133 0.728
0.235 0.327
0.112 0.646
0.284 0.033
0.564 0.195
0.405 0.212
0.907 0.255
0.356 0.711
0.422 0.989
0.868 0.579
0.934 0.279
0.173 0.548
0.688 0.599
0.103 0.579
0.04 0.746
0.768 0.575
0.01 0.694