160 16
0.453 0.943
0.329 0.305
0.507 0.617
0.919 0.746
0.561 0.807
0.405 0.281
0.592 0.459
0.495 0.846
0.242 0.437
0.971 0.148
0.082 0.311
0.16 0.286
0.986 0.3
0.735 0.214
0.675 0.335
0.251 0.872
0.086 0.278
0.105 0.054
0.055 0.031
0.137 0.328
0.135 0.009
0.388 0.538
0.574 0.372
0.901 0.871
0.151 0.795
0.66 0.924
0.578 0.764
0.452 0.238
0.084 0.548
0.032 0.711
0.378 0.034
0.114 0.241
0.147 0.879
0.002 0.877
0.705 0.186
0.157 0.814
0.792 0.44
0.78 0.253
0.147 0.621
0.513 0.879
0.035 0.115
0.545 0.291
0.753 0.622
0.787 0.889
0.942 0.812
0.057 0.807
0.943 0.469
0.482 0.406
0.405 0.124
0.295 0.353
0.627 0.387
0.224 0.231
0.156 0.582
0.676 0.415
0.85 0.945
0.14 0.968
0.286 0.779
0.597 0.1
0.081 0.041
0.032 0.893
0.383 0.461
0.63 0.191
0.812 0.04
0.588 0.632
0.498 0.707
0.972 0.856
0.645 0.611
0.438 0.781
0.39 0.97
0.794 0.525
0.247 0.345
0.584 0.766
0.83 0.194
0.781 0.319
0.051 0.819
0.932 0.987
0.727 0.054
0.65 0.51
0.2 0.478
0.924 0.837
0.453 0.943
0.329 0.305
0.507 0.617
0.919 0.746
0.561 0.807
0.405 0.281
0.592 0.459
0.495 0.846
0.242 0.437
0.971 0.148
0.082 0.311
0.16 0.286
0.986 0.3
0.735 0.214
0.675 0.335
0.251 0.872
0.086 0.278
0.105 0.054
0.055 0.031
0.137 0.328
0.135 0.009
0.388 0.538
0.574 0.372
0.901 0.871
0.151 0.795
0.66 0.924
0.578 0.764
0.452 0.238
0.084 0.548
0.032 0.711
0.378 0.034
0.114 0.241
0.147 0.879
0.002 0.877
0.705 0.186
0.157 0.814
0.792 0.44
0.78 0.253
0.147 0.621
0.513 0.879
0.035 0.115
0.545 0.291
0.753 0.622
0.787 0.889
0.942 0.812
0.057 0.807
0.943 0.469
0.482 0.406
0.405 0.124
0.295 0.353
0.627 0.387
0.224 0.231
0.156 0.582
0.676 0.415
0.85 0.945
0.14 0.968
0.286 0.779
0.597 0.1
0.081 0.041
0.032 0.893
0.383 0.461
0.63 0.191
0.812 0.04
0.588 0.632
0.498 0.707
0.972 0.856
0.645 0.611
0.438 0.781
0.39 0.97
0.794 0.525
0.247 0.345
0.584 0.766
0.83 0.194
0.781 0.319
0.051 0.819
0.932 0.987
0.727 0.054
0.65 0.51
0.2 0.478
0.924 0.837
0.453 0.943
0.329 0.305
0.507 0.617
0.919 0.746
0.561 0.807
0.405 0.281
0.592 0.459
0.495 0.846
0.216 0.09
0.878 0.827
0.15 0.488
0.167 0.596
0.347 0.219
0.782 0.215
0.358 0.231
0.75 0.914